20.0
19.6
26.1
35.5
27.6
22.9
32.3
23.8
15.6
35.9
20.3
38.2
31.7
36.0
39.0
31.9
37.6
29.9
16.9
28.6
25.4
31.9
30.6
20.6
22.6
31.0
39.2
15.8
20.9
31.4
39.6
17.1
23.9
35.0
29.5
15.7
28.8
24.0
16.7
23.1
17.5
21.8
33.8
27.5
22.1
22.5
32.1
16.5
27.5
38.0
33.9
33.9
19.1
34.4
18.9
37.0
17.4
35.5
26.7
22.7
16.4
16.2
21.5
31.7
25.8
29.4
26.0
29.2
29.1
15.9
17.4
24.1
39.3
34.8
28.2
33.0
21.4
17.4
36.2
29.6
16.4
37.9
31.9
19.4
30.7
35.9
35.6
28.2
29.0
32.6
38.1
24.0
38.5
20.5
20.9
30.1
19.8
26.7
20.5
26.4
27.9
33.5
23.3
21.1
22.8
33.1
32.3
23.3
19.5
39.7
17.8
34.2
19.9
26.2
20.9
23.0
34.9
25.7
39.5
35.4
38.1
